fips,NEVER,RARELY,SOMETIMES,FREQUENTLY,ALWAYS
"1,001",0.053,0.074,0.134,0.295,0.444
"1,003",0.083,0.059,0.098,0.323,0.436
"1,005",0.067,0.121,0.12,0.201,0.491
"1,007",0.02,0.034,0.096,0.278,0.572
"1,009",0.053,0.114,0.18,0.194,0.459
"1,011",0.031,0.04,0.144,0.286,0.5
"1,013",0.102,0.053,0.257,0.137,0.451
"1,015",0.152,0.108,0.13,0.167,0.442
"1,017",0.117,0.037,0.15,0.136,0.56
"1,019",0.135,0.027,0.161,0.158,0.52
"1,021",0.06,0.07,0.058,0.194,0.618
"1,023",0.049,0.038,0.126,0.219,0.568
"1,025",0.049,0.088,0.164,0.268,0.43
"1,027",0.148,0.158,0.195,0.169,0.329
"1,029",0.151,0.125,0.138,0.217,0.368
"1,031",0.101,0.152,0.094,0.186,0.466
"1,033",0.082,0.096,0.152,0.159,0.51
"1,035",0.099,0.052,0.259,0.192,0.399
"1,037",0.055,0.131,0.167,0.263,0.384
"1,039",0.187,0.128,0.129,0.201,0.356
"1,041",0.06,0.091,0.199,0.233,0.416
"1,043",0.13,0.024,0.249,0.217,0.379
"1,045",0.089,0.113,0.118,0.22,0.46
"1,047",0.095,0.1,0.159,0.122,0.524
"1,049",0.084,0.051,0.106,0.179,0.58
"1,051",0.042,0.095,0.127,0.252,0.485
"1,053",0.114,0.026,0.188,0.285,0.387
"1,055",0.096,0.103,0.178,0.122,0.501
"1,057",0.138,0.048,0.151,0.233,0.429
"1,059",0.065,0.071,0.223,0.156,0.484
"1,061",0.176,0.131,0.089,0.158,0.445
"1,063",0.03,0.053,0.127,0.167,0.623
"1,065",0.026,0.061,0.084,0.191,0.639
"1,067",0.066,0.068,0.17,0.258,0.438
"1,069",0.085,0.079,0.135,0.268,0.433
"1,071",0.092,0.089,0.11,0.249,0.46
"1,073",0.049,0.037,0.107,0.179,0.628
"1,075",0.107,0.045,0.132,0.189,0.527
"1,077",0.093,0.119,0.141,0.179,0.469
"1,079",0.162,0.08,0.088,0.251,0.419
"1,081",0.053,0.064,0.138,0.183,0.562
"1,083",0.102,0.034,0.133,0.336,0.395
"1,085",0.12,0.073,0.145,0.199,0.464
"1,087",0.008,0.033,0.241,0.172,0.545
"1,089",0.062,0.05,0.123,0.177,0.589
"1,091",0.033,0.151,0.118,0.186,0.512
"1,093",0.129,0.064,0.246,0.207,0.353
"1,095",0.075,0.064,0.129,0.253,0.479
"1,097",0.077,0.07,0.102,0.244,0.506
"1,099",0.112,0.041,0.182,0.288,0.378
"1,101",0.056,0.095,0.123,0.212,0.513
"1,103",0.078,0.077,0.082,0.304,0.459
"1,105",0.025,0.084,0.087,0.187,0.618
"1,107",0.031,0.06,0.169,0.157,0.584
"1,109",0.06,0.131,0.145,0.333,0.33
"1,111",0.158,0.226,0.105,0.144,0.368
"1,113",0.069,0.067,0.08,0.213,0.57
"1,115",0.027,0.134,0.144,0.2,0.495
"1,117",0.022,0.075,0.118,0.24,0.545
"1,119",0.055,0.068,0.118,0.197,0.562
"1,121",0.113,0.15,0.208,0.169,0.361
"1,123",0.067,0.095,0.136,0.296,0.406
"1,125",0.041,0.036,0.144,0.247,0.532
"1,127",0.09,0.081,0.145,0.256,0.429
"1,129",0.018,0.077,0.102,0.307,0.495
"1,131",0.061,0.098,0.199,0.187,0.455
"1,133",0.13,0.046,0.328,0.183,0.312
"2,013",0.067,0.032,0.034,0.316,0.551
"2,016",0.078,0.031,0.03,0.337,0.524
"2,020",0.042,0.05,0.049,0.196,0.663
"2,050",0.101,0.022,0.014,0.45,0.413
"2,068",0.062,0.081,0.067,0.225,0.565
"2,070",0.072,0.025,0.027,0.391,0.484
"2,090",0.094,0.084,0.175,0.234,0.413
"2,100",0.055,0.05,0.123,0.419,0.352
"2,110",0.051,0.067,0.133,0.396,0.353
"2,122",0.043,0.047,0.051,0.197,0.662
"2,130",0.025,0.149,0.174,0.256,0.396
"2,150",0.042,0.043,0.049,0.233,0.633
"2,158",0.103,0.022,0.007,0.521,0.347
"2,170",0.042,0.051,0.048,0.198,0.66
"2,180",0.086,0.061,0.009,0.544,0.3
"2,185",0.036,0.059,0.235,0.215,0.455
"2,188",0.035,0.188,0.051,0.474,0.252
"2,195",0.042,0.095,0.148,0.349,0.365
"2,198",0.033,0.125,0.161,0.3,0.38
"2,220",0.048,0.077,0.137,0.381,0.357
"2,240",0.064,0.071,0.14,0.272,0.453
"2,261",0.04,0.049,0.052,0.197,0.663
"2,275",0.035,0.119,0.16,0.312,0.374
"2,290",0.044,0.047,0.126,0.425,0.358
"4,001",0.055,0.063,0.031,0.15,0.701
"4,003",0.053,0.025,0.147,0.194,0.581
"4,005",0.039,0.08,0.07,0.11,0.702
"4,007",0.073,0.014,0.03,0.336,0.547
"4,009",0.095,0.067,0.237,0.049,0.553
"4,011",0.111,0.089,0.167,0.089,0.544
"4,012",0.031,0.064,0.162,0.173,0.57
"4,013",0.023,0.025,0.059,0.158,0.734
"4,015",0.051,0.096,0.104,0.164,0.585
"4,017",0.091,0.108,0.059,0.139,0.602
"4,019",0.023,0.024,0.073,0.121,0.759
"4,021",0.033,0.055,0.096,0.148,0.667
"4,023",0.028,0.002,0.058,0.074,0.837
"4,025",0.031,0.073,0.081,0.176,0.639
"4,027",0.008,0.013,0.046,0.129,0.804
"5,001",0.019,0.073,0.134,0.216,0.557
"5,003",0.023,0.103,0.163,0.117,0.595
"5,005",0.15,0.104,0.108,0.104,0.534
"5,007",0.081,0.034,0.083,0.16,0.643
"5,009",0.129,0.145,0.122,0.189,0.416
"5,011",0.094,0.102,0.175,0.184,0.445
"5,013",0.145,0.132,0.108,0.211,0.404
"5,015",0.111,0.068,0.115,0.129,0.577
"5,017",0.104,0.074,0.193,0.097,0.531
"5,019",0.08,0.091,0.08,0.231,0.518
"5,021",0.082,0.124,0.157,0.242,0.395
"5,023",0.036,0.065,0.093,0.259,0.546
"5,025",0.107,0.03,0.16,0.231,0.472
"5,027",0.241,0.072,0.054,0.25,0.383
"5,029",0.071,0.12,0.137,0.347,0.325
"5,031",0.078,0.123,0.138,0.341,0.32
"5,033",0.155,0.1,0.167,0.211,0.367
"5,035",0.059,0.017,0.11,0.306,0.508
"5,037",0.097,0.017,0.163,0.319,0.404
"5,039",0.197,0.055,0.093,0.196,0.459
"5,041",0.078,0.033,0.19,0.189,0.509
"5,043",0.063,0.049,0.207,0.159,0.523
"5,045",0.066,0.027,0.077,0.403,0.426
"5,047",0.149,0.079,0.245,0.187,0.34
"5,049",0.105,0.121,0.226,0.197,0.351
"5,051",0.025,0.102,0.068,0.21,0.596
"5,053",0.082,0.043,0.127,0.258,0.489
"5,055",0.062,0.141,0.154,0.346,0.297
"5,057",0.098,0.073,0.096,0.179,0.554
"5,059",0.059,0.086,0.079,0.216,0.56
"5,061",0.081,0.07,0.145,0.145,0.56
"5,063",0.137,0.156,0.088,0.179,0.44
"5,065",0.086,0.121,0.133,0.23,0.43
"5,067",0.116,0.103,0.135,0.179,0.468
"5,069",0.042,0.036,0.172,0.173,0.577
"5,071",0.144,0.103,0.205,0.221,0.328
"5,073",0.12,0.082,0.078,0.234,0.486
"5,075",0.085,0.128,0.153,0.298,0.337
"5,077",0.103,0.032,0.195,0.263,0.407
"5,079",0.035,0.016,0.194,0.201,0.554
"5,081",0.074,0.121,0.106,0.201,0.499
"5,083",0.148,0.11,0.12,0.143,0.479
"5,085",0.048,0.045,0.136,0.297,0.474
"5,087",0.075,0.088,0.159,0.114,0.564
"5,089",0.171,0.112,0.119,0.108,0.49
"5,091",0.064,0.124,0.106,0.219,0.487
"5,093",0.033,0.109,0.134,0.284,0.44
"5,095",0.068,0.128,0.127,0.271,0.406
"5,097",0.081,0.095,0.136,0.166,0.521
"5,099",0.143,0.048,0.084,0.224,0.501
"5,101",0.107,0.14,0.084,0.261,0.408
"5,103",0.151,0.097,0.06,0.242,0.449
"5,105",0.098,0.051,0.08,0.367,0.404
"5,107",0.052,0.061,0.134,0.276,0.477
"5,109",0.064,0.061,0.2,0.176,0.501
"5,111",0.077,0.098,0.141,0.287,0.397
"5,113",0.18,0.08,0.217,0.076,0.446
"5,115",0.082,0.151,0.181,0.285,0.302
"5,117",0.062,0.17,0.103,0.273,0.391
"5,119",0.028,0.027,0.126,0.175,0.644
"5,121",0.051,0.145,0.203,0.289,0.311
"5,123",0.087,0.007,0.289,0.267,0.35
"5,125",0.066,0.044,0.154,0.212,0.524
"5,127",0.155,0.14,0.124,0.123,0.458
"5,129",0.1,0.088,0.125,0.149,0.538
"5,131",0.121,0.142,0.157,0.208,0.372
"5,133",0.12,0.093,0.155,0.165,0.467
"5,135",0.067,0.158,0.22,0.222,0.333
"5,137",0.067,0.092,0.11,0.234,0.498
"5,139",0.116,0.179,0.098,0.262,0.344
"5,141",0.033,0.06,0.096,0.272,0.539
"5,143",0.034,0.028,0.101,0.186,0.651
"5,145",0.026,0.054,0.152,0.277,0.491
"5,147",0.059,0.048,0.208,0.231,0.454
"5,149",0.116,0.1,0.112,0.198,0.474
"6,001",0.019,0.008,0.055,0.123,0.795
"6,003",0.025,0.085,0.088,0.19,0.612
"6,005",0.045,0.013,0.099,0.188,0.655
"6,007",0.015,0.043,0.111,0.204,0.626
"6,009",0.045,0.019,0.098,0.276,0.562
"6,011",0.027,0.031,0.092,0.151,0.7
"6,013",0.018,0.016,0.039,0.121,0.806
"6,015",0.01,0.135,0.112,0.196,0.547
"6,017",0.028,0.042,0.072,0.183,0.675
"6,019",0.021,0.022,0.059,0.156,0.741
"6,021",0.028,0.026,0.146,0.206,0.594
"6,023",0.042,0.006,0.018,0.069,0.865
"6,025",0.001,0.005,0.03,0.128,0.836
"6,027",0.033,0.011,0.008,0.058,0.889
"6,029",0.022,0.028,0.105,0.177,0.668
"6,031",0.075,0.016,0.049,0.094,0.766
"6,033",0.003,0.004,0.007,0.136,0.849
"6,035",0.064,0.068,0.162,0.225,0.482
"6,037",0.021,0.013,0.049,0.131,0.786
"6,039",0.019,0.059,0.048,0.124,0.751
"6,041",0.011,0.0,0.046,0.141,0.802
"6,043",0.01,0.094,0.049,0.186,0.661
"6,045",0.002,0.003,0.004,0.222,0.77
"6,047",0.026,0.036,0.089,0.146,0.703
"6,051",0.011,0.026,0.012,0.07,0.88
"6,053",0.023,0.006,0.066,0.141,0.763
"6,055",0.017,0.026,0.033,0.149,0.773
"6,057",0.003,0.054,0.084,0.177,0.682
"6,059",0.023,0.021,0.046,0.156,0.754
"6,061",0.012,0.023,0.072,0.201,0.693
"6,063",0.063,0.067,0.053,0.146,0.671
"6,065",0.026,0.014,0.041,0.116,0.803
"6,067",0.025,0.028,0.062,0.164,0.722
"6,069",0.018,0.004,0.063,0.175,0.739
"6,071",0.027,0.022,0.048,0.134,0.768
"6,073",0.017,0.023,0.034,0.126,0.8
"6,075",0.017,0.011,0.035,0.121,0.817
"6,077",0.054,0.019,0.081,0.165,0.68
"6,079",0.025,0.024,0.037,0.169,0.745
"6,081",0.016,0.013,0.058,0.126,0.786
"6,083",0.015,0.02,0.075,0.153,0.737
"6,085",0.015,0.014,0.04,0.168,0.764
"6,087",0.008,0.0,0.086,0.109,0.797
"6,089",0.095,0.056,0.071,0.232,0.547
"6,091",0.14,0.053,0.047,0.143,0.617
"6,093",0.132,0.074,0.082,0.167,0.546
"6,095",0.043,0.046,0.035,0.148,0.728
"6,097",0.022,0.012,0.022,0.149,0.795
"6,099",0.032,0.028,0.062,0.173,0.705
"6,101",0.058,0.031,0.08,0.163,0.669
"6,103",0.057,0.062,0.141,0.195,0.545
"6,105",0.081,0.07,0.055,0.201,0.592
"6,107",0.025,0.039,0.115,0.136,0.685
"6,109",0.008,0.043,0.084,0.212,0.653
"6,111",0.024,0.011,0.033,0.156,0.777
"6,113",0.007,0.005,0.04,0.156,0.791
"6,115",0.057,0.035,0.071,0.167,0.669
"8,001",0.032,0.027,0.071,0.185,0.685
"8,003",0.052,0.133,0.094,0.228,0.493
"8,005",0.013,0.026,0.065,0.193,0.703
"8,007",0.041,0.041,0.155,0.276,0.488
"8,009",0.113,0.053,0.194,0.206,0.435
"8,011",0.033,0.036,0.172,0.191,0.567
"8,013",0.008,0.015,0.032,0.195,0.75
"8,014",0.018,0.005,0.042,0.201,0.734
"8,015",0.038,0.045,0.134,0.138,0.645
"8,017",0.016,0.187,0.106,0.398,0.292
"8,019",0.002,0.015,0.138,0.123,0.723
"8,021",0.06,0.106,0.093,0.195,0.545
"8,023",0.034,0.072,0.076,0.175,0.644
"8,025",0.002,0.034,0.08,0.294,0.59
"8,027",0.017,0.098,0.153,0.234,0.498
"8,029",0.087,0.094,0.074,0.295,0.45
"8,031",0.02,0.018,0.062,0.194,0.707
"8,035",0.013,0.041,0.081,0.192,0.673
"8,037",0.008,0.003,0.033,0.269,0.687
"8,039",0.016,0.044,0.19,0.246,0.505
"8,041",0.031,0.089,0.081,0.196,0.603
"8,043",0.006,0.069,0.062,0.2,0.663
"8,045",0.065,0.04,0.037,0.326,0.532
"8,047",0.001,0.027,0.017,0.17,0.785
"8,049",0.006,0.002,0.05,0.187,0.754
"8,051",0.057,0.039,0.043,0.281,0.581
"8,053",0.043,0.05,0.117,0.271,0.519
"8,055",0.028,0.051,0.051,0.275,0.595
"8,057",0.021,0.027,0.09,0.342,0.52
"8,059",0.028,0.031,0.075,0.194,0.673
"8,063",0.024,0.323,0.119,0.344,0.19
"8,065",0.002,0.016,0.036,0.193,0.753
"8,067",0.043,0.02,0.122,0.274,0.541
"8,069",0.013,0.037,0.06,0.231,0.659
"8,071",0.052,0.03,0.101,0.17,0.648
"8,073",0.013,0.068,0.196,0.403,0.321
"8,075",0.078,0.202,0.101,0.368,0.251
"8,077",0.075,0.105,0.098,0.222,0.499
"8,079",0.049,0.072,0.138,0.264,0.478
"8,081",0.041,0.142,0.162,0.284,0.371
"8,083",0.057,0.019,0.081,0.257,0.586
"8,085",0.085,0.092,0.074,0.314,0.436
"8,087",0.083,0.161,0.116,0.245,0.396
"8,089",0.004,0.047,0.102,0.194,0.653
"8,091",0.06,0.08,0.069,0.295,0.495
"8,093",0.021,0.018,0.103,0.137,0.722
"8,095",0.05,0.19,0.137,0.255,0.368
"8,097",0.019,0.014,0.016,0.318,0.633
"8,099",0.079,0.046,0.205,0.201,0.469
"8,101",0.018,0.044,0.074,0.28,0.584
"8,103",0.111,0.092,0.074,0.265,0.458
"8,105",0.061,0.144,0.11,0.242,0.444
"8,107",0.008,0.036,0.092,0.375,0.489
"8,109",0.065,0.122,0.138,0.232,0.443
"8,111",0.032,0.038,0.097,0.27,0.563
"8,113",0.043,0.058,0.074,0.26,0.565
"8,115",0.065,0.162,0.138,0.267,0.368
"8,117",0.0,0.001,0.064,0.151,0.784
"8,119",0.105,0.087,0.066,0.145,0.597
"8,121",0.077,0.208,0.101,0.303,0.31
"8,123",0.046,0.038,0.135,0.231,0.55
"8,125",0.038,0.284,0.133,0.255,0.29
"9,001",0.027,0.019,0.06,0.114,0.78
"9,003",0.015,0.023,0.065,0.13,0.767
"9,005",0.017,0.051,0.021,0.098,0.812
"9,007",0.003,0.007,0.055,0.128,0.807
"9,009",0.023,0.014,0.053,0.115,0.795
"9,011",0.025,0.021,0.066,0.142,0.747
"9,013",0.008,0.008,0.027,0.147,0.81
"9,015",0.022,0.041,0.082,0.137,0.718
"10,001",0.026,0.006,0.106,0.051,0.811
"10,003",0.027,0.013,0.041,0.133,0.786
"10,005",0.005,0.001,0.035,0.103,0.856
"11,001",0.012,0.013,0.069,0.164,0.743
"12,001",0.001,0.024,0.053,0.17,0.751
"12,003",0.087,0.076,0.18,0.215,0.442
"12,005",0.065,0.109,0.076,0.202,0.548
"12,007",0.106,0.168,0.172,0.173,0.381
"12,009",0.068,0.073,0.096,0.157,0.607
"12,011",0.026,0.023,0.043,0.117,0.791
"12,013",0.034,0.055,0.138,0.267,0.507
"12,015",0.051,0.049,0.101,0.158,0.64
"12,017",0.09,0.036,0.087,0.178,0.609
"12,019",0.055,0.067,0.15,0.209,0.52
"12,021",0.04,0.023,0.067,0.212,0.658
"12,023",0.047,0.026,0.288,0.254,0.385
"12,027",0.023,0.064,0.056,0.142,0.715
"12,029",0.071,0.095,0.119,0.318,0.397
"12,031",0.049,0.042,0.086,0.194,0.629
"12,033",0.019,0.052,0.095,0.31,0.524
"12,035",0.079,0.05,0.113,0.157,0.602
"12,037",0.022,0.101,0.237,0.228,0.412
"12,039",0.06,0.033,0.104,0.227,0.575
"12,041",0.016,0.151,0.069,0.324,0.44
"12,043",0.047,0.082,0.098,0.096,0.677
"12,045",0.046,0.125,0.12,0.249,0.46
"12,047",0.101,0.071,0.235,0.227,0.365
"12,049",0.114,0.041,0.179,0.186,0.48
"12,051",0.046,0.042,0.112,0.15,0.65
"12,053",0.09,0.04,0.091,0.19,0.589
"12,055",0.025,0.056,0.145,0.138,0.635
"12,057",0.023,0.031,0.069,0.155,0.722
"12,059",0.17,0.077,0.081,0.111,0.562
"12,061",0.054,0.065,0.082,0.193,0.607
"12,063",0.064,0.108,0.129,0.174,0.526
"12,065",0.019,0.017,0.099,0.183,0.682
"12,067",0.102,0.081,0.22,0.208,0.389
"12,069",0.047,0.062,0.074,0.185,0.632
"12,071",0.052,0.05,0.073,0.176,0.648
"12,073",0.051,0.022,0.071,0.156,0.7
"12,075",0.017,0.132,0.072,0.187,0.592
"12,077",0.022,0.023,0.205,0.268,0.482
"12,079",0.164,0.085,0.148,0.264,0.34
"12,081",0.074,0.037,0.062,0.201,0.626
"12,083",0.046,0.087,0.121,0.203,0.543
"12,085",0.027,0.018,0.066,0.169,0.719
"12,086",0.032,0.023,0.06,0.128,0.756
"12,087",0.007,0.001,0.014,0.159,0.819
"12,089",0.09,0.07,0.147,0.223,0.47
"12,091",0.091,0.083,0.147,0.21,0.469
"12,093",0.016,0.034,0.064,0.171,0.715
"12,095",0.02,0.02,0.072,0.164,0.724
"12,097",0.025,0.022,0.058,0.176,0.72
"12,099",0.03,0.02,0.05,0.116,0.784
"12,101",0.027,0.029,0.055,0.179,0.709
"12,103",0.025,0.019,0.074,0.133,0.75
"12,105",0.05,0.063,0.085,0.172,0.63
"12,107",0.068,0.05,0.114,0.186,0.581
"12,109",0.047,0.071,0.097,0.223,0.561
"12,111",0.077,0.022,0.08,0.173,0.648
"12,113",0.047,0.068,0.166,0.265,0.453
"12,115",0.017,0.031,0.073,0.175,0.704
"12,117",0.037,0.039,0.066,0.141,0.717
"12,119",0.037,0.036,0.064,0.235,0.628
"12,121",0.105,0.055,0.244,0.227,0.369
"12,123",0.103,0.086,0.19,0.145,0.476
"12,125",0.044,0.04,0.176,0.267,0.473
"12,127",0.035,0.066,0.089,0.192,0.618
"12,129",0.032,0.092,0.172,0.275,0.429
"12,131",0.092,0.06,0.092,0.244,0.512
"12,133",0.138,0.085,0.062,0.158,0.557
"13,001",0.085,0.117,0.23,0.152,0.416
"13,003",0.059,0.1,0.179,0.217,0.445
"13,005",0.071,0.132,0.187,0.188,0.421
"13,007",0.027,0.048,0.054,0.127,0.743
"13,009",0.02,0.089,0.107,0.29,0.494
"13,011",0.136,0.103,0.125,0.238,0.399
"13,013",0.063,0.086,0.092,0.19,0.568
"13,015",0.215,0.05,0.123,0.143,0.47
"13,017",0.129,0.078,0.109,0.202,0.483
"13,019",0.073,0.098,0.156,0.214,0.46
"13,021",0.043,0.094,0.176,0.201,0.487
"13,023",0.089,0.031,0.117,0.256,0.508
"13,025",0.047,0.129,0.15,0.164,0.51
"13,027",0.092,0.165,0.124,0.235,0.385
"13,029",0.033,0.039,0.095,0.238,0.595
"13,031",0.053,0.049,0.163,0.31,0.424
"13,033",0.105,0.109,0.087,0.208,0.492
"13,035",0.125,0.037,0.144,0.163,0.53
"13,037",0.013,0.035,0.043,0.172,0.737
"13,039",0.136,0.125,0.17,0.113,0.456
"13,043",0.037,0.045,0.177,0.264,0.477
"13,045",0.089,0.133,0.154,0.168,0.457
"13,047",0.143,0.152,0.114,0.217,0.375
"13,049",0.065,0.094,0.15,0.196,0.495
"13,051",0.035,0.04,0.144,0.158,0.624
"13,053",0.061,0.072,0.108,0.214,0.545
"13,055",0.116,0.102,0.187,0.143,0.451
"13,057",0.049,0.054,0.1,0.213,0.584
"13,059",0.054,0.057,0.06,0.226,0.603
"13,061",0.028,0.066,0.12,0.223,0.562
"13,063",0.038,0.054,0.125,0.159,0.624
"13,065",0.06,0.058,0.134,0.168,0.58
"13,067",0.039,0.049,0.116,0.225,0.572
"13,069",0.085,0.124,0.164,0.222,0.404
"13,071",0.108,0.191,0.074,0.233,0.394
"13,073",0.061,0.064,0.095,0.234,0.547
"13,075",0.098,0.134,0.123,0.203,0.441
"13,077",0.105,0.053,0.183,0.204,0.455
"13,079",0.057,0.051,0.231,0.192,0.468
"13,081",0.119,0.023,0.06,0.163,0.635
"13,083",0.128,0.222,0.13,0.249,0.27
"13,085",0.049,0.09,0.128,0.162,0.571
"13,087",0.093,0.04,0.171,0.18,0.516
"13,089",0.036,0.028,0.075,0.156,0.704
"13,091",0.145,0.025,0.15,0.236,0.443
"13,093",0.077,0.034,0.058,0.204,0.627
"13,095",0.033,0.037,0.045,0.159,0.726
"13,097",0.083,0.037,0.09,0.198,0.591
"13,099",0.045,0.062,0.156,0.253,0.485
"13,101",0.097,0.073,0.182,0.202,0.446
"13,103",0.044,0.064,0.145,0.272,0.475
"13,105",0.132,0.177,0.081,0.107,0.503
"13,107",0.062,0.044,0.142,0.252,0.5
"13,109",0.03,0.078,0.229,0.29,0.372
"13,111",0.075,0.088,0.125,0.112,0.6
"13,113",0.06,0.086,0.131,0.218,0.505
"13,115",0.186,0.036,0.234,0.148,0.395
"13,117",0.035,0.048,0.083,0.193,0.641
"13,119",0.168,0.074,0.117,0.215,0.425
"13,121",0.026,0.036,0.089,0.187,0.662
"13,123",0.128,0.042,0.087,0.198,0.545
"13,125",0.156,0.066,0.107,0.13,0.541
"13,127",0.048,0.071,0.145,0.251,0.485
"13,129",0.172,0.1,0.201,0.157,0.369
"13,131",0.063,0.139,0.116,0.264,0.417
"13,133",0.062,0.046,0.057,0.176,0.658
"13,135",0.036,0.054,0.081,0.19,0.639
"13,137",0.063,0.1,0.116,0.292,0.43
"13,139",0.061,0.069,0.128,0.198,0.545
"13,141",0.043,0.111,0.102,0.168,0.575
"13,143",0.184,0.123,0.165,0.184,0.345
"13,145",0.093,0.081,0.061,0.213,0.551
"13,147",0.092,0.061,0.14,0.207,0.5
"13,149",0.126,0.094,0.166,0.144,0.471
"13,151",0.103,0.048,0.091,0.181,0.578
"13,153",0.032,0.079,0.136,0.172,0.581
"13,155",0.098,0.091,0.126,0.224,0.46
"13,157",0.125,0.085,0.117,0.24,0.434
"13,159",0.082,0.059,0.181,0.118,0.56
"13,161",0.124,0.138,0.165,0.183,0.39
"13,163",0.251,0.055,0.099,0.102,0.493
"13,165",0.114,0.053,0.084,0.261,0.488
"13,167",0.119,0.053,0.109,0.251,0.468
"13,169",0.049,0.087,0.226,0.209,0.43
"13,171",0.07,0.06,0.171,0.293,0.406
"13,173",0.102,0.07,0.145,0.181,0.502
"13,175",0.122,0.056,0.141,0.291,0.391
"13,177",0.035,0.033,0.039,0.162,0.732
"13,179",0.007,0.099,0.066,0.215,0.614
"13,181",0.073,0.104,0.111,0.233,0.479
"13,183",0.014,0.119,0.086,0.159,0.621
"13,185",0.108,0.101,0.149,0.208,0.435
"13,187",0.035,0.086,0.13,0.245,0.504
"13,189",0.072,0.053,0.123,0.265,0.488
"13,191",0.034,0.076,0.188,0.221,0.481
"13,193",0.078,0.049,0.113,0.21,0.55
"13,195",0.165,0.084,0.055,0.186,0.511
"13,197",0.084,0.12,0.167,0.196,0.433
"13,199",0.109,0.086,0.138,0.15,0.517
"13,201",0.064,0.056,0.182,0.159,0.539
"13,205",0.044,0.112,0.055,0.159,0.63
"13,207",0.072,0.035,0.184,0.253,0.455
"13,209",0.114,0.083,0.174,0.228,0.401
"13,211",0.061,0.064,0.093,0.168,0.614
"13,213",0.193,0.03,0.182,0.177,0.417
"13,215",0.063,0.073,0.083,0.225,0.555
"13,217",0.094,0.076,0.123,0.207,0.5
"13,219",0.049,0.063,0.095,0.181,0.611
"13,221",0.056,0.082,0.054,0.181,0.627
"13,223",0.097,0.068,0.108,0.233,0.494
"13,225",0.027,0.074,0.172,0.16,0.567
"13,227",0.038,0.118,0.101,0.188,0.555
"13,229",0.05,0.143,0.127,0.157,0.522
"13,231",0.059,0.06,0.147,0.192,0.542
"13,233",0.106,0.071,0.192,0.145,0.485
"13,235",0.079,0.031,0.098,0.218,0.575
"13,237",0.059,0.093,0.118,0.214,0.516
"13,239",0.053,0.15,0.095,0.163,0.538
"13,241",0.1,0.083,0.124,0.229,0.464
"13,243",0.016,0.065,0.05,0.2,0.669
"13,245",0.068,0.059,0.114,0.18,0.578
"13,247",0.058,0.078,0.115,0.216,0.534
"13,249",0.07,0.102,0.117,0.214,0.497
"13,251",0.198,0.069,0.081,0.242,0.41
"13,253",0.073,0.079,0.202,0.135,0.51
"13,255",0.072,0.038,0.179,0.202,0.509
"13,257",0.087,0.116,0.116,0.31,0.37
"13,259",0.055,0.092,0.133,0.203,0.517
"13,261",0.055,0.056,0.046,0.202,0.641
"13,263",0.168,0.08,0.089,0.171,0.492
"13,265",0.065,0.048,0.086,0.158,0.644
"13,267",0.051,0.076,0.214,0.224,0.434
"13,269",0.126,0.069,0.182,0.201,0.422
"13,271",0.156,0.075,0.134,0.208,0.427
"13,273",0.019,0.029,0.03,0.167,0.755
"13,275",0.026,0.096,0.12,0.228,0.53
"13,277",0.066,0.088,0.122,0.227,0.496
"13,279",0.097,0.069,0.179,0.226,0.429
"13,281",0.076,0.096,0.098,0.199,0.531
"13,283",0.096,0.07,0.168,0.267,0.399
"13,285",0.175,0.031,0.119,0.178,0.497
"13,287",0.141,0.042,0.094,0.175,0.547
"13,289",0.04,0.077,0.188,0.148,0.547
"13,291",0.065,0.119,0.087,0.168,0.56
"13,293",0.16,0.1,0.114,0.206,0.421
"13,295",0.144,0.164,0.117,0.21,0.366
"13,297",0.106,0.127,0.184,0.141,0.442
"13,299",0.061,0.108,0.109,0.166,0.556
"13,301",0.095,0.065,0.14,0.226,0.474
"13,303",0.104,0.07,0.053,0.157,0.617
"13,305",0.029,0.139,0.143,0.139,0.55
"13,307",0.019,0.064,0.103,0.21,0.603
"13,309",0.135,0.078,0.162,0.23,0.395
"13,311",0.057,0.064,0.099,0.347,0.433
"13,313",0.185,0.068,0.203,0.142,0.403
"13,315",0.173,0.017,0.083,0.157,0.569
"13,317",0.08,0.086,0.114,0.172,0.548
"13,319",0.039,0.062,0.141,0.224,0.534
"13,321",0.069,0.056,0.083,0.187,0.605
"15,001",0.01,0.032,0.037,0.122,0.799
"15,003",0.011,0.012,0.027,0.151,0.798
"15,007",0.0,0.021,0.046,0.108,0.825
"15,009",0.034,0.016,0.025,0.122,0.803
"16,001",0.118,0.078,0.084,0.194,0.526
"16,003",0.094,0.216,0.218,0.218,0.254
"16,005",0.084,0.193,0.176,0.195,0.352
"16,007",0.151,0.12,0.102,0.243,0.385
"16,009",0.038,0.059,0.15,0.152,0.601
"16,011",0.095,0.197,0.175,0.229,0.304
"16,013",0.155,0.107,0.102,0.13,0.506
"16,015",0.057,0.038,0.038,0.549,0.318
"16,017",0.088,0.116,0.119,0.241,0.436
"16,019",0.096,0.202,0.188,0.247,0.268
"16,021",0.045,0.171,0.061,0.185,0.537
"16,025",0.186,0.03,0.047,0.098,0.639
"16,027",0.113,0.095,0.17,0.24,0.381
"16,029",0.1,0.181,0.191,0.202,0.326
"16,031",0.134,0.223,0.102,0.149,0.392
"16,035",0.037,0.112,0.127,0.25,0.475
"16,037",0.069,0.029,0.199,0.244,0.458
"16,039",0.206,0.044,0.038,0.173,0.539
"16,041",0.131,0.118,0.085,0.256,0.41
"16,043",0.111,0.206,0.202,0.247,0.233
"16,045",0.119,0.136,0.111,0.198,0.436
"16,047",0.211,0.202,0.089,0.153,0.345
"16,049",0.045,0.094,0.164,0.275,0.423
"16,051",0.099,0.208,0.192,0.249,0.252
"16,053",0.175,0.219,0.096,0.167,0.343
"16,055",0.146,0.105,0.17,0.22,0.359
"16,057",0.002,0.012,0.066,0.328,0.592
"16,059",0.109,0.173,0.231,0.125,0.362
"16,061",0.027,0.073,0.157,0.285,0.459
"16,063",0.18,0.2,0.105,0.135,0.379
"16,065",0.101,0.207,0.196,0.25,0.245
"16,067",0.134,0.219,0.106,0.152,0.39
"16,069",0.009,0.03,0.117,0.326,0.517
"16,071",0.083,0.173,0.153,0.185,0.406
"16,073",0.123,0.137,0.146,0.171,0.423
"16,075",0.081,0.199,0.174,0.242,0.304
"16,077",0.078,0.205,0.152,0.185,0.381
"16,079",0.068,0.144,0.299,0.147,0.342
"16,081",0.099,0.189,0.19,0.25,0.272
"16,083",0.166,0.222,0.101,0.177,0.335
"16,085",0.041,0.118,0.102,0.378,0.361
"16,087",0.136,0.13,0.324,0.172,0.239
"17,001",0.18,0.092,0.189,0.19,0.35
"17,003",0.11,0.082,0.148,0.262,0.398
"17,005",0.07,0.055,0.108,0.218,0.549
"17,007",0.025,0.006,0.065,0.244,0.66
"17,009",0.18,0.099,0.136,0.2,0.385
"17,011",0.012,0.019,0.156,0.208,0.605
"17,013",0.082,0.06,0.219,0.366,0.273
"17,015",0.03,0.064,0.12,0.19,0.596
"17,017",0.103,0.08,0.19,0.187,0.441
"17,019",0.0,0.067,0.08,0.192,0.661
"17,021",0.059,0.057,0.091,0.19,0.603
"17,023",0.127,0.089,0.107,0.226,0.451
"17,025",0.062,0.115,0.145,0.306,0.372
"17,027",0.102,0.063,0.083,0.166,0.587
"17,029",0.112,0.055,0.201,0.221,0.411
"17,031",0.023,0.021,0.072,0.162,0.722
"17,033",0.146,0.196,0.047,0.219,0.392
"17,035",0.095,0.075,0.194,0.212,0.424
"17,037",0.007,0.012,0.034,0.191,0.756
"17,039",0.035,0.106,0.073,0.28,0.507
"17,041",0.048,0.061,0.105,0.191,0.594
"17,043",0.01,0.01,0.056,0.163,0.76
"17,045",0.174,0.09,0.131,0.208,0.398
"17,047",0.086,0.148,0.233,0.306,0.228
"17,049",0.072,0.072,0.214,0.232,0.41
"17,051",0.069,0.076,0.156,0.229,0.47
"17,053",0.011,0.082,0.167,0.172,0.567
"17,055",0.099,0.166,0.119,0.211,0.405
"17,057",0.016,0.03,0.311,0.199,0.444
"17,059",0.201,0.06,0.128,0.238,0.373
"17,061",0.136,0.029,0.109,0.217,0.508
"17,063",0.056,0.056,0.105,0.183,0.599
"17,065",0.138,0.179,0.1,0.21,0.373
"17,067",0.147,0.154,0.125,0.163,0.411
"17,069",0.163,0.072,0.235,0.191,0.34
"17,071",0.096,0.044,0.101,0.155,0.604
"17,073",0.067,0.072,0.061,0.203,0.597
"17,075",0.097,0.168,0.069,0.242,0.424
"17,077",0.066,0.078,0.151,0.209,0.496
"17,079",0.099,0.135,0.131,0.254,0.38
"17,081",0.122,0.126,0.08,0.279,0.393
"17,083",0.074,0.079,0.124,0.185,0.537
"17,085",0.034,0.104,0.22,0.178,0.465
"17,087",0.124,0.05,0.189,0.141,0.496
"17,089",0.013,0.026,0.048,0.165,0.748
"17,091",0.044,0.084,0.096,0.249,0.527
"17,093",0.001,0.009,0.065,0.136,0.788
"17,095",0.035,0.031,0.194,0.246,0.494
"17,097",0.02,0.018,0.046,0.146,0.769
"17,099",0.018,0.046,0.113,0.267,0.556
"17,101",0.197,0.157,0.105,0.281,0.26
"17,103",0.013,0.054,0.058,0.224,0.65
"17,105",0.03,0.147,0.08,0.234,0.51
"17,107",0.046,0.045,0.23,0.128,0.551
"17,109",0.041,0.091,0.097,0.182,0.59
"17,111",0.03,0.012,0.066,0.176,0.716
"17,113",0.085,0.062,0.091,0.201,0.561
"17,115",0.016,0.062,0.088,0.286,0.549
"17,117",0.015,0.05,0.147,0.227,0.561
"17,119",0.035,0.045,0.083,0.189,0.648
"17,121",0.1,0.093,0.101,0.302,0.404
"17,123",0.048,0.083,0.133,0.198,0.538
"17,125",0.238,0.031,0.292,0.126,0.313
"17,127",0.097,0.043,0.232,0.256,0.373
"17,129",0.102,0.047,0.138,0.172,0.54
"17,131",0.039,0.066,0.11,0.215,0.571
"17,133",0.003,0.04,0.112,0.174,0.67
"17,135",0.018,0.05,0.091,0.316,0.525
"17,137",0.05,0.062,0.177,0.178,0.533
"17,139",0.081,0.073,0.213,0.243,0.39
"17,141",0.053,0.045,0.129,0.184,0.589
"17,143",0.039,0.036,0.096,0.251,0.577
"17,145",0.055,0.092,0.104,0.358,0.392
"17,147",0.003,0.052,0.06,0.198,0.688
"17,149",0.138,0.079,0.218,0.205,0.36
"17,151",0.104,0.054,0.213,0.214,0.415
"17,153",0.117,0.064,0.189,0.225,0.405
"17,155",0.021,0.025,0.168,0.251,0.535
"17,157",0.008,0.032,0.117,0.391,0.452
"17,159",0.111,0.151,0.107,0.3,0.331
"17,161",0.078,0.025,0.066,0.235,0.596
"17,163",0.032,0.027,0.037,0.138,0.767
"17,165",0.117,0.106,0.111,0.204,0.462
"17,167",0.017,0.03,0.155,0.233,0.564
"17,169",0.132,0.1,0.152,0.198,0.417
"17,171",0.113,0.057,0.148,0.162,0.52
"17,173",0.07,0.047,0.168,0.245,0.469
"17,175",0.013,0.101,0.058,0.155,0.672
"17,177",0.036,0.059,0.041,0.222,0.644
"17,179",0.044,0.04,0.141,0.215,0.56
"17,181",0.1,0.078,0.162,0.195,0.466
"17,183",0.023,0.119,0.088,0.266,0.504
"17,185",0.078,0.113,0.271,0.325,0.212
"17,187",0.042,0.02,0.141,0.276,0.522
"17,189",0.118,0.046,0.053,0.327,0.456
"17,191",0.086,0.142,0.128,0.3,0.345
"17,193",0.19,0.144,0.095,0.239,0.332
"17,195",0.025,0.066,0.042,0.218,0.649
"17,197",0.041,0.024,0.062,0.134,0.739
"17,199",0.095,0.122,0.136,0.183,0.464
"17,201",0.031,0.03,0.089,0.193,0.657
"17,203",0.062,0.067,0.112,0.242,0.517
"18,001",0.136,0.047,0.16,0.348,0.309
"18,003",0.07,0.14,0.099,0.228,0.464
"18,005",0.138,0.084,0.085,0.286,0.406
"18,007",0.082,0.126,0.112,0.183,0.496
"18,009",0.093,0.152,0.106,0.203,0.447
"18,011",0.052,0.085,0.142,0.308,0.413
"18,013",0.055,0.061,0.041,0.184,0.66
"18,015",0.059,0.104,0.17,0.22,0.447
"18,017",0.037,0.192,0.283,0.206,0.283
"18,019",0.068,0.06,0.141,0.228,0.501
"18,021",0.122,0.073,0.112,0.226,0.466
"18,023",0.088,0.033,0.132,0.285,0.462
"18,025",0.067,0.089,0.118,0.261,0.465
"18,027",0.049,0.061,0.13,0.214,0.546
"18,029",0.083,0.1,0.168,0.277,0.371
"18,031",0.175,0.083,0.101,0.204,0.437
"18,033",0.109,0.074,0.118,0.149,0.55
"18,035",0.095,0.109,0.124,0.197,0.475
"18,037",0.01,0.105,0.086,0.25,0.55
"18,039",0.03,0.097,0.094,0.252,0.528
"18,041",0.161,0.041,0.048,0.237,0.514
"18,043",0.053,0.086,0.154,0.233,0.474
"18,045",0.077,0.089,0.147,0.212,0.474
"18,047",0.07,0.082,0.104,0.199,0.545
"18,049",0.142,0.114,0.128,0.217,0.399
"18,051",0.09,0.1,0.204,0.255,0.351
"18,053",0.053,0.108,0.133,0.311,0.393
"18,055",0.099,0.027,0.081,0.235,0.558
"18,057",0.07,0.051,0.049,0.234,0.596
"18,059",0.068,0.04,0.166,0.306,0.42
"18,061",0.094,0.084,0.205,0.258,0.359
"18,063",0.054,0.052,0.113,0.257,0.523
"18,065",0.183,0.148,0.125,0.111,0.434
"18,067",0.008,0.083,0.183,0.301,0.426
"18,069",0.15,0.182,0.053,0.199,0.416
"18,071",0.097,0.098,0.105,0.388,0.312
"18,073",0.186,0.1,0.065,0.328,0.321
"18,075",0.141,0.139,0.157,0.235,0.328
"18,077",0.083,0.219,0.218,0.225,0.255
"18,079",0.095,0.105,0.172,0.308,0.319
"18,081",0.057,0.094,0.1,0.192,0.557
"18,083",0.158,0.125,0.121,0.259,0.338
"18,085",0.073,0.147,0.089,0.195,0.496
"18,087",0.059,0.082,0.171,0.236,0.452
"18,089",0.043,0.057,0.088,0.219,0.592
"18,091",0.084,0.075,0.168,0.206,0.466
"18,093",0.092,0.117,0.109,0.191,0.491
"18,095",0.062,0.084,0.15,0.145,0.559
"18,097",0.051,0.053,0.116,0.232,0.548
"18,099",0.12,0.103,0.159,0.229,0.389
"18,101",0.041,0.064,0.123,0.223,0.55
"18,103",0.054,0.125,0.253,0.226,0.343
"18,105",0.037,0.037,0.094,0.242,0.591
"18,107",0.07,0.116,0.168,0.156,0.49
"18,109",0.06,0.131,0.136,0.188,0.485
"18,111",0.102,0.153,0.092,0.338,0.316
"18,113",0.057,0.11,0.135,0.197,0.5
"18,115",0.06,0.078,0.18,0.223,0.459
"18,117",0.096,0.086,0.073,0.315,0.43
"18,119",0.094,0.038,0.087,0.282,0.5
"18,121",0.116,0.111,0.174,0.195,0.405
"18,123",0.01,0.109,0.087,0.252,0.542
"18,125",0.052,0.089,0.163,0.2,0.495
"18,127",0.05,0.1,0.108,0.231,0.512
"18,129",0.132,0.056,0.115,0.226,0.472
"18,131",0.135,0.219,0.171,0.253,0.223
"18,133",0.075,0.162,0.204,0.194,0.366
"18,135",0.128,0.13,0.228,0.179,0.336
"18,137",0.054,0.074,0.15,0.294,0.429
"18,139",0.133,0.118,0.063,0.279,0.408
"18,141",0.031,0.04,0.102,0.228,0.598
"18,143",0.036,0.073,0.168,0.263,0.46
"18,145",0.16,0.057,0.177,0.193,0.413
"18,147",0.017,0.134,0.104,0.216,0.529
"18,149",0.177,0.151,0.088,0.219,0.365
"18,151",0.04,0.089,0.17,0.169,0.532
"18,153",0.127,0.071,0.077,0.207,0.517
"18,155",0.089,0.125,0.209,0.234,0.344
"18,157",0.093,0.083,0.102,0.204,0.518
"18,159",0.033,0.082,0.089,0.444,0.352
"18,161",0.095,0.053,0.106,0.178,0.569
"18,163",0.07,0.039,0.115,0.234,0.542
"18,165",0.113,0.105,0.134,0.223,0.426
"18,167",0.118,0.064,0.102,0.25,0.466
"18,169",0.07,0.11,0.237,0.202,0.381
"18,171",0.079,0.115,0.092,0.223,0.492
"18,173",0.045,0.038,0.117,0.252,0.548
"18,175",0.097,0.074,0.062,0.356,0.411
"18,177",0.162,0.09,0.138,0.261,0.348
"18,179",0.205,0.05,0.077,0.337,0.332
"18,181",0.056,0.177,0.194,0.189,0.384
"18,183",0.061,0.186,0.132,0.16,0.46
"19,001",0.073,0.128,0.128,0.307,0.364
"19,003",0.148,0.11,0.15,0.311,0.281
"19,005",0.138,0.049,0.132,0.212,0.469
"19,007",0.044,0.11,0.239,0.193,0.413
"19,009",0.224,0.073,0.194,0.187,0.322
"19,011",0.098,0.067,0.13,0.2,0.504
"19,013",0.032,0.053,0.18,0.289,0.447
"19,015",0.09,0.08,0.1,0.197,0.533
"19,017",0.048,0.062,0.197,0.268,0.424
"19,019",0.021,0.124,0.087,0.394,0.373
"19,021",0.183,0.062,0.26,0.207,0.288
"19,023",0.052,0.094,0.208,0.23,0.417
"19,025",0.212,0.117,0.213,0.153,0.304
"19,027",0.153,0.11,0.241,0.139,0.358
"19,029",0.341,0.07,0.124,0.238,0.227
"19,031",0.026,0.096,0.142,0.355,0.381
"19,033",0.061,0.365,0.146,0.213,0.215
"19,035",0.183,0.105,0.221,0.182,0.309
"19,037",0.075,0.136,0.197,0.236,0.356
"19,039",0.078,0.167,0.143,0.194,0.418
"19,041",0.224,0.035,0.112,0.189,0.441
"19,043",0.123,0.084,0.137,0.284,0.371
"19,045",0.092,0.13,0.079,0.269,0.43
"19,047",0.089,0.045,0.141,0.064,0.66
"19,049",0.036,0.102,0.118,0.26,0.485
"19,051",0.038,0.101,0.249,0.201,0.411
"19,053",0.248,0.132,0.258,0.068,0.294
"19,055",0.035,0.137,0.137,0.408,0.283
"19,057",0.135,0.081,0.109,0.122,0.553
"19,059",0.276,0.027,0.091,0.173,0.433
"19,061",0.037,0.155,0.189,0.189,0.43
"19,063",0.241,0.083,0.067,0.181,0.428
"19,065",0.054,0.075,0.128,0.349,0.394
"19,067",0.063,0.271,0.148,0.25,0.268
"19,069",0.088,0.278,0.187,0.186,0.261
"19,071",0.048,0.061,0.071,0.209,0.611
"19,073",0.116,0.141,0.235,0.153,0.354
"19,075",0.038,0.042,0.203,0.238,0.48
"19,077",0.162,0.073,0.143,0.283,0.34
"19,079",0.143,0.118,0.129,0.153,0.457
"19,081",0.08,0.384,0.146,0.174,0.216
"19,083",0.074,0.075,0.195,0.214,0.441
"19,085",0.118,0.044,0.094,0.178,0.565
"19,087",0.123,0.142,0.091,0.183,0.461
"19,089",0.077,0.151,0.176,0.183,0.413
"19,091",0.243,0.268,0.147,0.102,0.24
"19,093",0.153,0.094,0.246,0.128,0.38
"19,095",0.027,0.149,0.135,0.239,0.45
"19,097",0.032,0.096,0.229,0.232,0.411
"19,099",0.102,0.105,0.233,0.212,0.347
"19,101",0.074,0.116,0.221,0.191,0.398
"19,103",0.014,0.044,0.069,0.2,0.673
"19,105",0.04,0.105,0.165,0.336,0.355
"19,107",0.035,0.126,0.287,0.28,0.272
"19,109",0.135,0.318,0.101,0.173,0.272
"19,111",0.17,0.146,0.131,0.161,0.392
"19,113",0.039,0.081,0.115,0.201,0.563
"19,115",0.097,0.058,0.15,0.214,0.482
"19,117",0.032,0.204,0.196,0.185,0.384
"19,119",0.078,0.173,0.157,0.247,0.344
"19,121",0.01,0.102,0.136,0.268,0.484
"19,123",0.069,0.067,0.294,0.283,0.287
"19,125",0.053,0.049,0.209,0.26,0.429
"19,127",0.077,0.064,0.153,0.226,0.48
"19,129",0.064,0.084,0.091,0.281,0.481
"19,131",0.046,0.282,0.149,0.26,0.263
"19,133",0.078,0.069,0.087,0.127,0.64
"19,135",0.034,0.078,0.256,0.247,0.385
"19,137",0.218,0.034,0.084,0.378,0.286
"19,139",0.12,0.022,0.221,0.273,0.364
"19,141",0.173,0.054,0.267,0.187,0.319
"19,143",0.195,0.051,0.233,0.199,0.322
"19,145",0.088,0.053,0.068,0.31,0.481
"19,147",0.199,0.116,0.088,0.179,0.419
"19,149",0.125,0.145,0.166,0.162,0.402
"19,151",0.214,0.124,0.162,0.165,0.335
"19,153",0.044,0.089,0.136,0.259,0.473
"19,155",0.115,0.083,0.147,0.264,0.39
"19,157",0.121,0.145,0.187,0.164,0.383
"19,159",0.144,0.138,0.281,0.162,0.275
"19,161",0.18,0.071,0.286,0.159,0.303
"19,163",0.075,0.027,0.126,0.277,0.494
"19,165",0.099,0.059,0.182,0.145,0.516
"19,167",0.12,0.06,0.285,0.2,0.335
"19,169",0.045,0.075,0.071,0.235,0.574
"19,171",0.066,0.053,0.209,0.181,0.491
"19,173",0.09,0.151,0.185,0.282,0.292
"19,175",0.03,0.125,0.172,0.21,0.462
"19,177",0.107,0.128,0.175,0.218,0.372
"19,179",0.034,0.082,0.293,0.221,0.37
"19,181",0.055,0.182,0.181,0.245,0.337
"19,183",0.035,0.102,0.123,0.151,0.589
"19,185",0.138,0.148,0.252,0.12,0.342
"19,187",0.209,0.167,0.161,0.101,0.362
"19,189",0.07,0.329,0.176,0.197,0.228
"19,191",0.122,0.044,0.151,0.177,0.505
"19,193",0.113,0.165,0.137,0.16,0.425
"19,195",0.072,0.271,0.175,0.231,0.251
"19,197",0.172,0.299,0.173,0.125,0.232
"20,001",0.153,0.212,0.126,0.167,0.341
"20,003",0.189,0.063,0.137,0.267,0.344
"20,005",0.137,0.122,0.169,0.256,0.316
"20,007",0.069,0.147,0.118,0.329,0.336
"20,009",0.107,0.131,0.12,0.211,0.43
"20,011",0.167,0.146,0.077,0.12,0.49
"20,013",0.089,0.149,0.183,0.197,0.382
"20,015",0.053,0.133,0.122,0.222,0.47
"20,017",0.151,0.082,0.212,0.225,0.331
"20,019",0.128,0.137,0.185,0.214,0.337
"20,021",0.131,0.121,0.164,0.174,0.41
"20,023",0.065,0.27,0.174,0.235,0.256
"20,025",0.163,0.13,0.126,0.232,0.348
"20,027",0.081,0.069,0.115,0.229,0.507
"20,029",0.154,0.077,0.118,0.217,0.434
"20,031",0.085,0.119,0.165,0.404,0.227
"20,033",0.112,0.144,0.128,0.271,0.346
"20,035",0.075,0.093,0.28,0.131,0.421
"20,037",0.108,0.143,0.118,0.139,0.492
"20,039",0.163,0.118,0.211,0.235,0.273
"20,041",0.106,0.118,0.148,0.243,0.385
"20,043",0.137,0.193,0.184,0.214,0.272
"20,045",0.006,0.009,0.024,0.227,0.734
"20,047",0.052,0.086,0.135,0.221,0.506
"20,049",0.061,0.05,0.295,0.282,0.312
"20,051",0.154,0.154,0.224,0.148,0.32
"20,053",0.174,0.133,0.133,0.187,0.373
"20,055",0.166,0.089,0.163,0.239,0.343
"20,057",0.143,0.084,0.143,0.232,0.399
"20,059",0.063,0.06,0.159,0.354,0.364
"20,061",0.05,0.068,0.113,0.27,0.499
"20,063",0.24,0.089,0.234,0.151,0.287
"20,065",0.218,0.156,0.247,0.129,0.25
"20,067",0.14,0.108,0.15,0.231,0.37
"20,069",0.158,0.092,0.146,0.24,0.364
"20,071",0.135,0.131,0.181,0.229,0.323
"20,073",0.034,0.079,0.256,0.302,0.33
"20,075",0.131,0.095,0.189,0.217,0.368
"20,077",0.079,0.118,0.21,0.193,0.4
"20,079",0.075,0.058,0.121,0.323,0.423
"20,081",0.153,0.107,0.137,0.239,0.364
"20,083",0.126,0.075,0.163,0.225,0.412
"20,085",0.01,0.116,0.161,0.136,0.577
"20,087",0.026,0.069,0.09,0.182,0.634
"20,089",0.171,0.142,0.087,0.259,0.34
"20,091",0.029,0.019,0.075,0.224,0.654
"20,093",0.155,0.098,0.172,0.229,0.346
"20,095",0.081,0.212,0.114,0.128,0.464
"20,097",0.062,0.107,0.128,0.233,0.469
"20,099",0.168,0.123,0.091,0.147,0.471
"20,101",0.197,0.075,0.197,0.204,0.326
"20,103",0.087,0.135,0.092,0.142,0.544
"20,105",0.171,0.132,0.16,0.163,0.375
"20,107",0.14,0.053,0.121,0.285,0.4
"20,109",0.206,0.131,0.194,0.189,0.28
"20,111",0.113,0.111,0.133,0.3,0.344
"20,113",0.12,0.065,0.106,0.313,0.396
"20,115",0.101,0.068,0.209,0.279,0.343
"20,117",0.048,0.049,0.233,0.263,0.407
"20,119",0.164,0.123,0.115,0.235,0.362
"20,121",0.071,0.044,0.095,0.25,0.54
"20,123",0.173,0.116,0.144,0.18,0.388
"20,125",0.164,0.132,0.102,0.195,0.407
"20,127",0.11,0.094,0.148,0.244,0.404
"20,129",0.12,0.113,0.144,0.218,0.405
"20,131",0.035,0.094,0.203,0.236,0.432
"20,133",0.133,0.204,0.12,0.127,0.416
"20,135",0.15,0.083,0.199,0.198,0.371
"20,137",0.161,0.163,0.177,0.225,0.275
"20,139",0.018,0.09,0.088,0.24,0.564
"20,141",0.174,0.233,0.163,0.136,0.293
"20,143",0.131,0.117,0.164,0.191,0.396
"20,145",0.053,0.096,0.137,0.217,0.497
"20,147",0.15,0.244,0.126,0.19,0.29
"20,149",0.012,0.057,0.145,0.236,0.55
"20,151",0.02,0.183,0.101,0.309,0.387
"20,155",0.135,0.077,0.143,0.191,0.454
"20,157",0.183,0.073,0.076,0.295,0.373
"20,159",0.153,0.086,0.11,0.241,0.41
"20,161",0.03,0.05,0.124,0.261,0.535
"20,163",0.179,0.22,0.218,0.123,0.26
"20,165",0.11,0.122,0.182,0.183,0.403
"20,167",0.16,0.174,0.174,0.157,0.335
"20,169",0.126,0.133,0.175,0.209,0.357
"20,171",0.197,0.09,0.19,0.21,0.313
"20,173",0.06,0.055,0.126,0.26,0.499
"20,175",0.138,0.14,0.092,0.226,0.403
"20,177",0.009,0.078,0.095,0.184,0.633
"20,179",0.231,0.112,0.236,0.154,0.267
"20,181",0.1,0.27,0.159,0.24,0.231
"20,183",0.142,0.257,0.088,0.195,0.319
"20,185",0.041,0.125,0.109,0.252,0.472
"20,187",0.127,0.098,0.172,0.216,0.388
"20,189",0.122,0.132,0.112,0.225,0.408
"20,191",0.104,0.039,0.115,0.298,0.444
"20,193",0.188,0.157,0.208,0.184,0.263
"20,195",0.203,0.115,0.256,0.137,0.291
"20,197",0.011,0.077,0.12,0.201,0.591
"20,201",0.148,0.075,0.111,0.234,0.432
"20,205",0.125,0.148,0.145,0.184,0.398
"20,207",0.092,0.175,0.171,0.247,0.314
"20,209",0.025,0.056,0.076,0.178,0.665
"21,001",0.076,0.115,0.167,0.243,0.399
"21,003",0.101,0.072,0.097,0.211,0.519
"21,005",0.062,0.01,0.044,0.483,0.401
"21,007",0.107,0.033,0.198,0.257,0.404
"21,009",0.053,0.093,0.09,0.176,0.588
"21,011",0.076,0.058,0.084,0.339,0.443
"21,013",0.146,0.094,0.12,0.199,0.44
"21,015",0.08,0.087,0.081,0.232,0.52
"21,017",0.024,0.037,0.042,0.129,0.769
"21,019",0.084,0.125,0.202,0.235,0.354
"21,021",0.092,0.037,0.112,0.161,0.598
"21,023",0.056,0.249,0.065,0.238,0.392
"21,025",0.114,0.081,0.126,0.241,0.438
"21,027",0.023,0.146,0.177,0.138,0.517
"21,029",0.037,0.091,0.156,0.181,0.535
"21,031",0.066,0.097,0.133,0.17,0.535
"21,033",0.059,0.067,0.26,0.177,0.438
"21,035",0.066,0.084,0.248,0.17,0.432
"21,037",0.073,0.085,0.134,0.278,0.43
"21,039",0.104,0.045,0.188,0.236,0.428
"21,041",0.155,0.171,0.12,0.208,0.346
"21,043",0.069,0.102,0.122,0.324,0.383
"21,045",0.164,0.076,0.161,0.154,0.444
"21,047",0.06,0.118,0.178,0.279,0.365
"21,049",0.083,0.093,0.11,0.233,0.48
"21,051",0.153,0.082,0.165,0.16,0.44
"21,053",0.096,0.115,0.248,0.165,0.375
"21,055",0.121,0.117,0.29,0.153,0.319
"21,057",0.067,0.106,0.224,0.229,0.374
"21,059",0.055,0.057,0.122,0.236,0.531
"21,061",0.055,0.057,0.086,0.179,0.624
"21,063",0.117,0.1,0.051,0.289,0.443
"21,065",0.082,0.151,0.09,0.275,0.402
"21,067",0.031,0.051,0.066,0.202,0.65
"21,069",0.068,0.069,0.075,0.287,0.502
"21,071",0.131,0.066,0.129,0.134,0.54
"21,073",0.088,0.036,0.142,0.214,0.521
"21,075",0.1,0.102,0.202,0.217,0.38
"21,077",0.076,0.048,0.198,0.211,0.466
"21,079",0.077,0.043,0.063,0.276,0.54
"21,081",0.047,0.056,0.183,0.106,0.608
"21,083",0.103,0.069,0.266,0.222,0.34
"21,085",0.043,0.042,0.134,0.154,0.627
"21,087",0.063,0.076,0.127,0.247,0.488
"21,089",0.092,0.101,0.236,0.228,0.342
"21,091",0.019,0.08,0.121,0.235,0.546
"21,093",0.057,0.062,0.106,0.217,0.558
"21,095",0.076,0.093,0.098,0.126,0.606
"21,097",0.073,0.044,0.031,0.047,0.804
"21,099",0.053,0.034,0.118,0.185,0.61
"21,101",0.072,0.061,0.136,0.229,0.501
"21,103",0.093,0.082,0.174,0.254,0.398
"21,105",0.097,0.065,0.221,0.202,0.415
"21,107",0.04,0.067,0.174,0.217,0.502
"21,109",0.183,0.068,0.092,0.235,0.421
"21,111",0.036,0.048,0.083,0.23,0.602
"21,113",0.022,0.036,0.104,0.21,0.628
"21,115",0.102,0.053,0.106,0.127,0.612
"21,117",0.052,0.056,0.146,0.245,0.5
"21,119",0.157,0.073,0.13,0.142,0.497
"21,121",0.187,0.073,0.103,0.165,0.471
"21,123",0.074,0.053,0.09,0.213,0.57
"21,125",0.201,0.047,0.083,0.152,0.517
"21,127",0.155,0.091,0.151,0.125,0.479
"21,129",0.129,0.069,0.129,0.273,0.399
"21,131",0.094,0.103,0.142,0.174,0.487
"21,133",0.078,0.05,0.127,0.122,0.624
"21,135",0.057,0.081,0.21,0.296,0.357
"21,137",0.172,0.054,0.093,0.172,0.509
